function colors  = get_colors(cmap)
% colors  = colormap(cmap);
% colors  = unique(colors, 'rows');
colors = [       0         0    1.0000;
         0    1.0000         0;
    0.6667         0    1.0000;
    1.0000         0         0;
    1.0000    0.5000         0;
    1.0000    1.0000         0];
end